(9, 10, 12)
(10, 11, 12)
(9, 10, 12)
(10, 12)
(9, 10)
(10, 11, 12)
(7,)
(9, 10)
(10, 11, 12)
(9, 10, 12)
(9, 10)
(10, 12)
(11, 2, 10, 3)
(10, 12)
(9, 10, 12)
(9, 10)
(10, 11, 12)
(12,)
(10, 12)
(10, 11, 12)
(10,)
(9, 12)
(9, 10, 12)
(9, 10, 12)
(9, 10)
(10, 11, 12)
(9, 10)
(10, 11, 12)
(10, 12)
(9, 10, 12)
(9, 10, 12)
(10, 11, 12)
(9, 10, 12)
(9, 10)
(9, 10)
(10, 11, 12)
(9, 10, 12)
(9, 10, 11, 12)
(9, 10, 12)
(9, 10)
(9, 10)
(9, 10, 12)
(10, 11, 12)
(9, 10, 12)
(9, 10, 12)
(10, 11, 12)
(10,)
(9, 10, 12)
(10, 12)
(9, 10)
(9, 10)
(10, 11, 12)
(10, 12)
(9, 10, 12)
(9, 10)
(9, 10, 12)
(9, 10, 12)
(9, 10, 12)
(10, 12)
(9, 10)
(9, 10, 12)
(9, 10, 12)
(10, 11, 12)
(10, 12)
(10, 12)
(9, 10, 12)
(9, 10, 11, 12)
(9, 10)
(9, 10, 12)
(9, 10, 12)
(9, 10)
(9, 10, 12)
(9, 10)
(10, 11, 12)
(9, 10)
(10, 12)
(10, 11, 12)
(9, 10, 12)
(10, 12)
(9, 10, 12)
(9, 10)
(9, 10, 12)
(9, 10)
(10,)
(10,)
(9, 10, 12)
(9, 10)
(9, 10)
(9, 10, 12)
(9, 10)
(10, 12)
(9, 10)
(10, 12)
(9, 10)
(9, 10)
(10, 11, 12)
(9, 10)
(9, 10)
(10, 12)
(9, 12)
(9, 10, 12)
(9, 10, 12)
(9, 10)
(9, 10)
(9, 10)
(10, 11, 12)
(10, 11, 12)
(9, 10)
(9, 10, 12)
(10, 11, 12)
(9, 10)
(10, 11)
(9, 10, 12)
(10, 7)
(9, 10, 12)
(9, 10)
(10, 11, 12)
(10, 11, 12)
(9, 10)
(9, 10)
(9, 10)
(9, 10, 12)
(9, 10, 12)
(9, 10)
(9, 10, 12)
(9, 10, 12)
(10, 11, 12)
(9, 10)
(10, 12)
(9, 10)
(9, 10, 12)
(9, 12)
(10, 12)
(10, 11, 12)
(9, 10, 12)
(10, 11, 12)
(9, 10, 11, 12)
(10, 11, 12)
(10, 12)
(10, 11, 12)
(9, 10)
(9, 10, 12)
(9, 10, 12)
(9, 10, 12)
(10, 11, 12)
(9, 10, 12)
(9, 10, 12)
(10, 11, 12)
(10, 11, 12)
(10, 12)
(9, 10, 12)
(10, 12)
(9, 10, 12)
(12,)
(9, 10, 12)
(9, 10, 12)
(10, 12)
(10, 11, 12)
(10, 12)
(9, 10, 12)
(9, 10)
(10, 11, 12)
(9, 10)
(10, 12)
(10, 11, 12)
(9, 10, 12)
(9, 10)
(9, 10)
(9, 12)
(10, 12)
(10, 11, 12)
(9, 10, 12)
(9, 10, 12)
(10, 11, 12)
(9, 10, 12)
(9, 10)
(9, 10, 12)
(9, 10, 12)
(9, 10, 12)
(10,)
(10, 11, 12)
(10, 11)
(10,)
(9, 10, 12)
(9, 10)
(9, 10, 12)
(9, 10)
(9, 10, 12)
(9, 10)
(9, 10)
(9, 10)
(9, 10)
(9, 10)
(10, 11, 12)
(9, 10, 12)
(10, 11, 12)
(9, 10, 12)
(9, 10, 12)
(10, 12)
(9, 10, 12)
(9, 10, 12)
(9, 10)
(10,)
(10, 11, 12)
(9, 10)
(9, 10, 12)
(9, 10)
(10, 11, 12)
(9, 10, 12)
(10, 11, 12)
(9, 10, 12)
(9, 10)
(9, 10, 12)
(9, 10)
(9, 10)
(9, 10, 12)
(10, 11, 12)
(9, 10, 12)
(9, 10)
(10,)
(9, 10)
(10, 12)
(9, 10, 12)
(9, 12)
(9, 10, 12)
(9, 10, 12)
(9, 10, 12)
(10, 12)
(10, 12)
(9, 10, 12)
(10, 11, 12)
(10, 11, 12)
(9, 10)
(9, 10)
(9, 10, 12)
(9, 10)
(9, 10, 12)
(9, 10, 12)
(9, 10, 12)
(10, 12)
(9, 10, 12)
(10, 12)
(8, 10)
(9, 10, 12)
(10, 12)
(10, 11, 12)
(10, 11, 12)
(9, 10, 12)
(8, 10)
(9, 10)
(10, 12)
(9, 10)
(10, 11, 12)
(9, 10, 12)
(10, 12)
(10, 12)
(10, 11, 12)
(9, 10, 12)
(10, 11, 12)
(10, 12)
(10, 12)
(9, 10, 12)
(9, 10, 12)
(9, 10, 12)
(10, 11, 12)
(10, 12)
(9, 10, 12)
(9, 10, 12)
(10, 11, 12)
(9, 10)
(10, 12)
(10, 12)
(10, 11, 12)
(9, 10, 12)
(9, 10)
(9, 10)
(10, 11, 12)
(9, 10, 12)
(9, 10, 12)
(9, 10)
(9, 10, 12)
(9, 10)
(9, 10)
(10, 12)
(10, 11, 12)
(10, 11, 12)
(10, 11)
(10, 11, 12)
(10, 12)
(10, 11, 12)
(9, 10)
(10, 12)
(9, 10)
(9, 10)
(10, 12)
(9, 10, 12)
(10, 12)
(9, 10, 12)
(9, 10, 12)
(9, 10, 12)
(9, 10)
(9, 10)
(9, 10)
(10, 12)
(9, 10)
(9, 10)
(9, 10, 12)
(9, 10, 12)
(9, 10, 12)
(10, 11, 12)
(10,)
(10, 11, 12)
(9, 10, 12)
(9, 10, 12)
(10, 12)
(9, 10)
(9, 10, 12)
(10, 12)
(9, 10)
(9, 10, 12)
(9, 10)
(9, 10, 12)
(10, 11, 12)
(10, 11, 12)
(10,)
(10, 12)
(10, 11, 12)
(9, 10, 12)
(9, 10, 12)
(9, 10)
(10, 11, 12)
(9, 10, 12)
(9, 10)
(10, 11, 12)
(9, 10, 12)
(10, 12)
(9, 10, 12)
(9, 10, 12)
(9, 10)
(10, 11)
(9, 10, 12)
(10, 12)
(8, 9, 10, 12)
(9, 10, 12)
(10, 11, 12)
(10, 12)
(10, 11, 12)
(9, 10, 12)
(10, 11, 12)
(10, 11, 12)
(9, 10)
(9, 10)
(10,)
(10, 11, 12)
(9, 10)
(9, 10, 12)
(9, 10)
(10, 12)
(9, 10)
(9, 10)
(9, 10, 12)
(10,)
(9, 10, 12)
(9, 10, 12)
(10, 11, 12)
(9, 10, 12)
(9, 12)
(10, 12)
(10, 12)
(9, 10, 12)
(10,)
(10, 11, 12)
(10, 12)
(10,)
(9, 10)
(10, 11, 12)
(10, 11, 12)
(10,)
(9, 10, 12)
(9, 10)
(9, 10, 12)
(9, 10, 12)
(9, 10, 12)
(10, 12)
(9, 10, 12)
(10, 11, 12)
(10, 11, 12)
(10, 11, 12)
(9, 10)
(9, 10)
(9, 10, 12)
(10, 12)
(10, 11, 12)
(10, 11, 12)
(10,)
(9, 10)
(10, 12)
(9, 10, 12)
(8, 10)
(10, 12)
(9, 10)
(9, 10, 12)
(10, 11, 12)
(9, 10, 12)
(9, 10, 12)
(9, 10, 12)
(9, 12)
(9, 10)
(9, 10, 12)
(8, 9, 10, 12)
(10,)
(10, 12)
(10, 12)
(9, 12)
(10, 12)
(10, 11, 12)
(10, 12)
(9, 10, 12)
(10, 12)
(10, 12)
(10, 11, 12)
(9, 10)
(9, 10, 12)
(12,)
(9, 10)
(9, 10, 12)
(10, 11, 12)
(9, 10, 12)
(8, 10)
(9, 10, 12)
(9, 10)
(10, 12)
(9, 10, 12)
(9, 10)
(10, 12)
(10, 12)
(10, 12)
(9, 10, 12)
(9, 10, 12)
(9, 10, 12)
(9, 10, 12)
(9, 10)
(10,)
(9, 10, 12)
(10, 12)
(9, 10)
(10, 11, 12)
(9, 12)
(9, 10)
(10, 11, 12)
(10, 6)
(10, 11, 12)
(10, 12)
(10, 12)
(10, 11)
(10, 12)
(10,)
(9, 10)
(9, 10)
(9, 10)
(9, 10)
(10, 11)
(9, 10, 12)
(9, 10)
(9, 10, 12)
(9, 10)
(9, 10)
(9, 10, 12)
(9, 12)
(9, 10, 12)
(10, 11, 12)
(10, 11, 12)
(10, 12)
(10, 11, 12)
(9, 10)
(10, 11, 12)
(9, 10)
(9, 10, 12)
